Lvl	+Min	+Max	+HitRate/Accuracy
0			
1	4	4	4
2	3	5	4
3	3	5	4
4	3	5	4
5	3	5	4
6	4	4	4
7	3	5	4
8	3	5	4
9	3	5	4
10	3	5	4
11	4	4	4
12	3	5	4
13	3	5	4
14	3	5	4
15	3	5	4
16	4	4	4
17	3	5	4
18	3	5	4
19	3	5	4
20	3	5	4
21	4	4	4
22	3	5	4
23	3	5	4
24	3	5	4
25	3	5	4
26	4	4	4
27	3	5	4
28	3	5	4
29	3	5	4
30	3	5	4
31	4	4	4
32	3	5	4
33	3	5	4
34	3	5	4
35	3	5	4
36	4	4	4
37	3	5	4
38	3	5	4
39	3	5	4
40	3	5	4
41	4	4	4
42	3	5	4
43	3	5	4
44	3	5	4
45	3	5	4
46	4	4	4
47	3	5	4
48	3	5	4
49	3	5	4
50	3	5	4
51	4	4	4
52	3	5	4
53	3	5	4
54	3	5	4
55	3	5	4
56	4	4	4
57	3	5	4
58	3	5	4
59	3	5	4
60	3	5	4
61	4	4	4
62	3	5	4
63	3	5	4
64	3	5	4
65	3	5	4
66	4	4	4
67	3	5	4
68	3	5	4
69	3	5	4
70	3	5	4
71	4	4	4
72	3	5	4
73	3	5	4
74	3	5	4
75	3	5	4
76	4	4	4
77	3	5	4
78	3	5	4
79	3	5	4
80	3	5	4
81	4	4	4
82	3	5	4
83	3	5	4
84	3	5	4
85	3	5	4
86	4	4	4
87	3	5	4
88	3	5	4
89	3	5	4
90	3	5	4
91	4	4	4
92	3	5	4
93	3	5	4
94	3	5	4
95	3	5	4
96	4	4	4
97	3	5	4
98	3	5	4
99	3	5	4
